1,1
2,7
3,0
4,4
5,9
6,1
7,1
8,3
9,7
10,8
11,7
12,4
13,5
14,4
15,4
16,2
17,4
18,1
19,9
20,0
21,9
22,2
23,1
24,3
25,5
26,3
27,0
28,2
29,0
30,1
31,2
32,5
33,6
34,4
35,5
36,0
37,9
38,5
39,5
40,6
41,0
42,4
43,0
44,3
45,2
46,7
47,6
48,0
49,7
50,1
51,9
52,5
53,3
54,7
55,2
56,5
57,3
58,0
59,7
60,8
61,1
62,6
63,6
64,5
65,6
66,3
67,0
68,3
69,5
70,2
71,7
72,2
73,8
74,7
75,3
76,6
77,4
78,4
79,3
80,5
81,8
82,8
83,1
84,5
85,2
86,6
87,9
88,2
89,3
90,1
91,1
92,1
93,1
94,0
95,5
96,9
97,4
98,1
99,5
100,1
101,7
102,0
103,6
104,3
105,6
106,6
107,8
108,7
109,7
110,4
111,1
112,9
113,0
114,0
115,3
116,8
117,2
118,7
119,0
120,7
121,5
122,8
123,1
124,9
125,7
126,4
127,3
128,5
129,2
130,0
131,9
132,0
133,7
134,9
135,9
136,7
137,4
138,1
139,1
140,3
141,7
142,7
143,9
144,9
145,2
146,8
147,7
148,3
149,1
150,4
151,5
152,1
153,0
154,7
155,0
156,5
157,6
158,3
159,3
160,9
161,1
162,8
163,6
164,1
165,7
166,0
167,2
168,3
169,8
170,1
171,6
172,3
173,7
174,2
175,6
176,1
177,1
178,4
179,7
180,5
181,0
182,2
183,9
184,1
185,0
186,6
187,7
188,9
189,3
190,4
191,8
192,7
193,2
194,2
195,4
196,3
197,1
198,1
199,0
200,5
201,1
202,5
203,4
204,2
205,7
206,2
207,9
208,0
209,8
210,5
211,6
212,4
213,6
214,5
215,1
216,7
217,6
218,2
219,8
220,1
221,0
222,1
223,9
224,9
225,2
226,6
227,5
228,5
229,5
230,0
231,7
232,5
233,9
234,0
235,9
236,1
237,9
238,1
239,5
240,7
241,6
242,8
243,9
244,2
245,0
246,4
247,7
248,5
249,1
250,1
251,5
252,3
253,6
254,0
255,1
256,6
257,1
258,3
259,6
260,3
261,3
262,8
263,9
264,4
265,8
266,0
267,6
268,1
269,3
270,2
271,6
272,0
273,5
274,7
275,8
276,4
277,9
278,0
279,7
280,1
281,6
282,8
283,6
284,7
285,1
286,9
287,1
288,1
289,0
290,7
291,3
292,5
293,1
294,6
295,7
296,0
297,0
298,9
299,9
300,7
301,1
302,6
303,4
304,8
305,8
306,3
307,6
308,4
309,5
310,3
311,1
312,5
313,2
314,7
315,2
316,7
317,9
318,7
319,6
320,9
321,0
322,3
323,7
324,2
325,1
326,0
327,7
328,3
329,2
330,2
331,3
332,9
333,6
334,1
335,9
336,0
337,1
338,6
339,0
340,7
341,9
342,1
343,0
344,5
345,9
346,4
347,1
348,9
349,9
350,9
351,5
352,0
353,7
354,4
355,0
356,8
357,1
358,5
359,9
360,4
361,5
362,7
363,6
364,1
365,7
366,4
367,3
368,5
369,8
370,6
371,3
372,5
373,5
374,4
375,0
376,8
377,3
378,7
379,5
380,7
381,4
382,1
383,4
384,8
385,6
386,1
387,8
388,2
389,0
390,1
391,7
392,5
393,3
394,4
395,1
396,1
397,4
398,4
399,2
400,0
401,3
402,7
403,5
404,0
405,1
406,1
407,8
408,9
409,0
410,7
411,5
412,3
413,1
414,1
415,9
416,0
417,7
418,5
419,3
420,6
421,4
422,5
423,3
424,6
425,5
426,9
427,5
428,8
429,2
430,7
431,8
432,6
433,3
434,6
435,9
436,8
437,6
438,2
439,8
440,6
441,7
442,8
443,1
444,0
445,1
446,9
447,0
448,3
449,3
450,9
451,8
452,1
453,8
454,2
455,1
456,9
457,1
458,5
459,5
460,6
461,7
462,2
463,9
464,1
465,3
466,3
467,7
468,7
469,3
470,1
471,6
472,9
473,4
474,6
475,3
476,3
477,9
478,8
479,9
480,6
481,4
482,8
483,2
484,1
485,7
486,7
487,0
488,6
489,6
490,5
491,6
492,2
493,7
494,8
495,3
496,5
497,2
498,3
499,2
500,3
501,7
502,4
503,9
504,1
505,7
506,8
507,9
508,1
509,4
510,8
511,1
512,6
513,1
514,0
515,4
516,7
517,2
518,5
519,9
520,4
521,9
522,4
523,8
524,5
525,8
526,7
527,4
528,0
529,8
530,1
531,3
532,2
533,9
534,3
535,3
536,6
537,2
538,4
539,4
540,7
541,9
542,8
543,3
544,0
545,3
546,8
547,7
548,5
549,0
550,2
551,3
552,8
553,2
554,0
555,3
556,8
557,5
558,2
559,4
560,0
561,4
562,8
563,9
564,6
565,6
566,2
567,0
568,0
569,2
570,9
571,2
572,4
573,4
574,8
575,8
576,6
577,5
578,9
579,9
580,2
581,9
582,2
583,8
584,6
585,0
586,7
587,4
588,8
589,0
590,5
591,5
592,5
593,6
594,3
595,5
596,5
597,0
598,4
599,6
600,0
601,5
602,5
603,7
604,0
605,5
606,0
607,3
608,1
609,7
610,7
611,6
612,2
613,7
614,6
615,0
616,0
617,5
618,7
619,1
620,7
621,1
622,5
623,7
624,4
625,9
626,6
627,2
628,4
629,6
630,3
631,1
632,2
633,3
634,2
635,1
636,3
637,9
638,2
639,1
640,6
641,4
642,0
643,3
644,0
645,8
646,1
647,0
648,7
649,7
650,1
651,2
652,5
653,0
654,4
655,4
656,3
657,8
658,2
659,2
660,9
661,4
662,4
663,3
664,8
665,0
666,0
667,8
668,9
669,3
670,9
671,5
672,4
673,1
674,5
675,6
676,9
677,8
678,9
679,8
680,4
681,3
682,3
683,8
684,2
685,6
686,8
687,9
688,6
689,2
690,1
691,2
692,3
693,0
694,6
695,0
696,0
697,1
698,2
699,0
700,0
701,1
702,5
703,7
704,5
705,7
706,2
707,5
708,0
709,5
710,2
711,9
712,7
713,6
714,7
715,7
716,2
717,3
718,4
719,6
720,5
721,0
722,5
723,9
724,7
725,0
726,5
727,3
728,9
729,3
730,6
731,8
732,5
733,9
734,6
735,9
736,7
737,5
738,0
739,7
740,7
741,1
742,7
743,3
744,9
745,7
746,3
747,2
748,9
749,8
750,4
751,0
752,1
753,6
754,0
755,5
756,0
757,7
758,9
759,1
760,0
761,1
762,0
763,9
764,7
765,7
766,1
767,1
768,1
769,0
770,5
771,3
772,0
773,2
774,8
775,6
776,6
777,6
778,4
779,8
780,6
781,5
782,4
783,2
784,9
785,8
786,8
787,5
788,2
789,7
790,1
791,9
792,8
793,2
794,6
795,1
796,8
797,0
798,8
799,8
800,0
801,6
802,2
803,1
804,3
805,6
806,5
807,3
808,5
809,8
810,6
811,9
812,0
813,1
814,1
815,1
816,3
817,3
818,3
819,7
820,7
821,4
822,1
823,0
824,4
825,8
826,5
827,9
828,1
829,2
830,8
831,5
832,0
833,1
834,6
835,6
836,7
837,1
838,9
839,7
840,6
841,5
842,2
843,0
844,8
845,6
846,8
847,6
848,3
849,0
850,5
851,2
852,7
853,5
854,3
855,3
856,9
857,8
858,1
859,1
860,3
861,7
862,8
863,4
864,0
865,6
866,6
867,1
868,0
869,1
870,6
871,6
872,7
873,4
874,5
875,5
876,1
877,6
878,0
879,6
880,8
881,6
882,7
883,4
884,0
885,6
886,6
887,0
888,9
889,7
890,8
891,9
892,3
893,8
894,9
895,3
896,5
897,0
898,6
899,9
900,8
901,1
902,0
903,7
904,9
905,9
906,7
907,0
908,7
909,6
910,8
911,8
912,2
913,4
914,2
915,8
916,1
917,5
918,1
919,1
920,0
921,7
922,1
923,9
924,1
925,3
926,9
927,0
928,7
929,8
930,3
931,9
932,3
933,5
934,5
935,2
936,0
937,5
938,8
939,9
940,3
941,1
942,1
943,1
944,1
945,7
946,5
947,8
948,1
949,5
950,0
951,5
952,1
953,9
954,7
955,5
956,0
957,4
958,4
959,2
960,0
961,0
962,6
963,6
964,6
965,2
966,8
967,2
968,9
969,8
970,5
971,6
972,5
973,4
974,2
975,1
976,7
977,3
978,0
979,6
980,2
981,9
982,8
983,5
984,2
985,8
986,4
987,4
988,8
989,1
990,5
991,1
992,6
993,8
994,4
995,4
996,1
997,2
998,4
999,7
1000,1
1001,6
1002,6
1003,0
1004,3
1005,2
1006,1
1007,2
1008,3
1009,6
1010,6
1011,2
1012,6
1013,6
1014,3
1015,7
1016,5
1017,6
1018,5
1019,6
1020,6
1021,8
1022,2
1023,5
1024,7
1025,5
1026,5
1027,8
1028,1
1029,7
1030,4
1031,5
1032,7
1033,8
1034,0
1035,5
1036,4
1037,1
1038,3
1039,6
1040,1
1041,4
1042,4
1043,6
1044,1
1045,4
1046,6
1047,2
1048,5
1049,5
1050,8
1051,8
1052,2
1053,9
1054,1
1055,9
1056,2
1057,6
1058,3
1059,3
1060,4
1061,7
1062,3
1063,0
1064,6
1065,3
1066,6
1067,4
1068,7
1069,9
1070,1
1071,5
1072,3
1073,3
1074,9
1075,4
1076,3
1077,9
1078,1
1079,5
1080,6
1081,1
1082,9
1083,0
1084,5
1085,7
1086,5
1087,1
1088,4
1089,1
1090,7
1091,9
1092,5
1093,0
1094,6
1095,0
1096,4
1097,7
1098,2
1099,5
1100,0
1101,3
1102,3
1103,7
1104,9
1105,0
1106,6
1107,8
1108,2
1109,7
1110,1
1111,7
1112,3
1113,8
1114,0
1115,2
1116,5
1117,6
1118,2
1119,9
1120,3
1121,2
1122,9
1123,9
1124,2
1125,1
1126,9
1127,1
1128,4
1129,4
1130,8
1131,3
1132,3
1133,1
1134,9
1135,2
1136,9
1137,9
1138,4
1139,8
1140,2
1141,9
1142,8
1143,1
1144,2
1145,1
1146,6
1147,5
1148,8
1149,8
1150,7
1151,8
1152,4
1153,9
1154,7
1155,5
1156,1
1157,2
1158,8
1159,3
1160,7
1161,5
1162,7
1163,5
1164,9
1165,8
1166,8
1167,6
1168,8
1169,6
1170,0
1171,0
1172,1
1173,5
1174,0
1175,1
1176,3
1177,3
1178,9
1179,9
1180,5
1181,5
1182,7
1183,8
1184,1
1185,1
1186,5
1187,9
1188,2
1189,4
1190,1
1191,3
1192,1
1193,3
1194,9
1195,6
1196,2
1197,1
1198,0
1199,4
1200,0
1201,6
1202,4
1203,0
1204,8
1205,6
1206,8
1207,7
1208,7
1209,0
1210,1
1211,3
1212,2
1213,2
1214,0
1215,2
1216,7
1217,8
1218,8
1219,6
1220,4
1221,9
1222,7
1223,5
1224,3
1225,7
1226,7
1227,8
1228,6
1229,0
1230,7
1231,6
1232,7
1233,7
1234,9
1235,7
1236,1
1237,2
1238,0
1239,9
1240,9
1241,0
1242,0
1243,5
1244,7
1245,7
1246,0
1247,3
1248,3
1249,9
1250,4
1251,4
1252,0
1253,1
1254,7
1255,6
1256,1
1257,4
1258,9
1259,8
1260,5
1261,1
1262,1
1263,4
1264,1
1265,8
1266,6
1267,4
1268,6
1269,3
1270,7
1271,5
1272,7
1273,7
1274,5
1275,4
1276,3
1277,3
1278,0
1279,3
1280,7
1281,7
1282,0
1283,6
1284,1
1285,7
1286,7
1287,7
1288,5
1289,3
1290,0
1291,4
1292,9
1293,1
1294,8
1295,2
1296,5
1297,6
1298,1
1299,6
1300,5
1301,8
1302,0
1303,1
1304,8
1305,4
1306,6
1307,4
1308,9
1309,4
1310,2
1311,1
1312,2
1313,9
1314,7
1315,6
1316,7
1317,8
1318,5
1319,6
1320,3
1321,4
1322,0
1323,7
1324,8
1325,1
1326,6
1327,3
1328,2
1329,5
1330,3
1331,5
1332,9
1333,9
1334,7
1335,6
1336,6
1337,2
1338,8
1339,0
1340,6
1341,2
1342,6
1343,3
1344,8
1345,5
1346,1
1347,9
1348,2
1349,6
1350,1
1351,2
1352,3
1353,4
1354,1
1355,6
1356,1
1357,0
1358,7
1359,9
1360,6
1361,7
1362,5
1363,3
1364,3
1365,6
1366,9
1367,7
1368,9
1369,0
1370,9
1371,2
1372,5
1373,7
1374,6
1375,6
1376,1
1377,2
1378,6
1379,0
1380,4
1381,8
1382,2
1383,9
1384,9
1385,7
1386,1
1387,7
1388,1
1389,7
1390,3
1391,6
1392,2
1393,7
1394,4
1395,4
1396,7
1397,9
1398,1
1399,7
1400,6
1401,1
1402,5
1403,5
1404,2
1405,3
1406,8
1407,7
1408,9
1409,3
1410,0
1411,5
1412,1
1413,9
1414,9
1415,0
1416,5
1417,4
1418,3
1419,2
1420,2
1421,9
1422,1
1423,9
1424,9
1425,0
1426,6
1427,9
1428,0
1429,9
1430,8
1431,8
1432,1
1433,1
1434,3
1435,0
1436,9
1437,2
1438,7
1439,4
1440,4
1441,0
1442,1
1443,0
1444,0
1445,6
1446,2
1447,1
1448,3
1449,0
1450,3
1451,0
1452,3
1453,1
1454,9
1455,9
1456,4
1457,8
1458,0
1459,7
1460,1
1461,7
1462,1
1463,0
1464,5
1465,3
1466,7
1467,8
1468,6
1469,5
1470,4
1471,0
1472,1
1473,9
1474,8
1475,6
1476,6
1477,7
1478,8
1479,0
1480,3
1481,9
1482,1
1483,1
1484,4
1485,1
1486,8
1487,3
1488,1
1489,1
1490,6
1491,3
1492,1
1493,2
1494,2
1495,3
1496,6
1497,7
1498,4
1499,6
1500,4
1501,8
1502,8
1503,0
1504,5
1505,0
1506,0
1507,3
1508,8
1509,3
1510,1
1511,2
1512,5
1513,6
1514,3
1515,0
1516,6
1517,6
1518,1
1519,5
1520,9
1521,6
1522,0
1523,2
1524,4
1525,6
1526,3
1527,2
1528,7
1529,8
1530,3
1531,2
1532,9
1533,9
1534,4
1535,1
1536,2
1537,7
1538,8
1539,6
1540,1
1541,8
1542,0
1543,9
1544,5
1545,5
1546,2
1547,5
1548,7
1549,4
1550,0
1551,2
1552,9
1553,8
1554,3
1555,2
1556,1
1557,2
1558,4
1559,6
1560,2
1561,3
1562,3
1563,2
1564,1
1565,6
1566,1
1567,5
1568,5
1569,6
1570,1
1571,8
1572,9
1573,9
1574,1
1575,7
1576,8
1577,1
1578,2
1579,0
1580,4
1581,5
1582,8
1583,2
1584,3
1585,4
1586,2
1587,1
1588,7
1589,9
1590,4
1591,7
1592,5
1593,1
1594,5
1595,9
1596,0
1597,4
1598,8
1599,6
1600,8
1601,5
1602,8
1603,6
1604,0
1605,4
1606,3
1607,6
1608,2
1609,0
1610,9
1611,1
1612,4
1613,9
1614,7
1615,9
1616,5
1617,6
1618,2
1619,2
1620,0
1621,8
1622,4
1623,1
1624,9
1625,9
1626,5
1627,9
1628,6
1629,9
1630,0
1631,4
1632,0
1633,9
1634,0
1635,6
1636,6
1637,8
1638,4
1639,8
1640,7
1641,3
1642,1
1643,4
1644,9
1645,0
1646,1
1647,7
1648,0
1649,7
1650,7
1651,3
1652,3
1653,2
1654,4
1655,0
1656,9
1657,6
1658,1
1659,9
1660,2
1661,8
1662,6
1663,6
1664,0
1665,2
1666,1
1667,7
1668,8
1669,0
1670,6
1671,5
1672,6
1673,1
1674,5
1675,1
1676,0
1677,6
1678,6
1679,9
1680,7
1681,7
1682,1
1683,0
1684,8
1685,6
1686,5
1687,8
1688,5
1689,6
1690,0
1691,9
1692,7
1693,3
1694,2
1695,3
1696,4
1697,5
1698,9
1699,2
1700,5
1701,7
1702,7
1703,1
1704,8
1705,1
1706,7
1707,5
1708,6
1709,4
1710,4
1711,2
1712,6
1713,9
1714,6
1715,1
1716,9
1717,1
1718,2
1719,1
1720,9
1721,6
1722,8
1723,1
1724,9
1725,2
1726,0
1727,9
1728,4
1729,0
1730,1
1731,1
1732,9
1733,9
1734,1
1735,9
1736,6
1737,4
1738,9
1739,0
1740,3
1741,4
1742,3
1743,2
1744,5
1745,2
1746,0
1747,9
1748,1
1749,8
1750,5
1751,6
1752,0
1753,6
1754,3
1755,7
1756,3
1757,4
1758,4
1759,6
1760,7
1761,1
1762,3
1763,6
1764,1
1765,5
1766,1
1767,0
1768,3
1769,5
1770,6
1771,0
1772,4
1773,6
1774,3
1775,3
1776,9
1777,2
1778,3
1779,9
1780,3
1781,9
1782,3
1783,4
1784,2
1785,6
1786,3
1787,4
1788,6
1789,9
1790,2
1791,7
1792,9
1793,7
1794,5
1795,1
1796,9
1797,6
1798,4
1799,0
1800,6
1801,0
1802,3
1803,0
1804,9
1805,9
1806,5
1807,1
1808,1
1809,7
1810,2
1811,1
1812,6
1813,2
1814,3
1815,0
1816,9
1817,1
1818,6
1819,5
1820,9
1821,5
1822,9
1823,2
1824,1
1825,2
1826,2
1827,2
1828,3
1829,1
1830,2
1831,2
1832,6
1833,0
1834,9
1835,4
1836,9
1837,9
1838,4
1839,9
1840,7
1841,2
1842,3
1843,3
1844,6
1845,8
1846,1
1847,2
1848,3
1849,6
1850,5
1851,6
1852,7
1853,8
1854,1
1855,4
1856,8
1857,2
1858,6
1859,8
1860,0
1861,1
1862,3
1863,6
1864,7
1865,5
1866,1
1867,6
1868,1
1869,6
1870,1
1871,3
1872,0
1873,9
1874,0
1875,4
1876,1
1877,3
1878,0
1879,2
1880,1
1881,2
1882,4
1883,3
1884,6
1885,2
1886,5
1887,5
1888,0
1889,2
1890,4
1891,0
1892,2
1893,8
1894,3
1895,1
1896,1
1897,0
1898,4
1899,7
1900,4
1901,0
1902,4
1903,1
1904,1
1905,8
1906,3
1907,8
1908,5
1909,7
1910,7
1911,4
1912,4
1913,5
1914,6
1915,6
1916,5
1917,4
1918,9
1919,2
1920,5
1921,1
1922,6
1923,5
1924,1
1925,5
1926,7
1927,3
1928,9
1929,5
1930,7
1931,8
1932,8
1933,0
1934,7
1935,0
1936,1
1937,6
1938,8
1939,9
1940,1
1941,1
1942,7
1943,9
1944,5
1945,7
1946,9
1947,3
1948,7
1949,3
1950,7
1951,3
1952,1
1953,1
1954,1
1955,2
1956,7
1957,3
1958,9
1959,1
1960,0
1961,8
1962,2
1963,3
1964,4
1965,0
1966,6
1967,7
1968,9
1969,4
1970,7
1971,0
1972,9
1973,2
1974,5
1975,3
1976,0
1977,4
1978,3
1979,6
1980,3
1981,8
1982,6
1983,5
1984,2
1985,6
1986,1
1987,6
1988,3
1989,3
1990,2
1991,8
1992,8
1993,0
1994,0
1995,0
1996,2
1997,4
1998,3
1999,2
2000,4
2001,6
2002,3
2003,9
2004,8
2005,7
2006,4
2007,5
2008,7
2009,0
2010,1
2011,1
2012,3
2013,3
2014,9
2015,6
2016,5
2017,6
2018,4
2019,4
2020,4
2021,6
2022,3
2023,0
2024,1
2025,5
2026,8
2027,2
2028,0
2029,0
2030,1
2031,8
2032,1
2033,9
2034,4
2035,7
2036,4
2037,3
2038,2
2039,1
2040,2
2041,5
2042,2
2043,8
2044,5
2045,7
2046,5
2047,0
2048,5
2049,4
2050,2
2051,4
2052,0
2053,9
2054,1
2055,5
2056,3
2057,1
2058,7
2059,7
2060,2
2061,0
2062,7
2063,5
2064,9
2065,0
2066,1
2067,9
2068,9
2069,7
2070,0
2071,3
2072,6
2073,9
2074,0
2075,1
2076,2
2077,7
2078,1
2079,9
2080,1
2081,5
2082,7
2083,7
2084,5
2085,3
2086,5
2087,2
2088,7
2089,8
2090,1
2091,7
2092,7
2093,7
2094,6
2095,7
2096,6
2097,5
2098,2
2099,9
2100,4
2101,5
2102,2
2103,8
2104,7
2105,2
2106,1
2107,6
2108,5
2109,0
2110,4
2111,2
2112,6
2113,8
2114,2
2115,1
2116,9
2117,2
2118,0
2119,2
2120,3
2121,6
2122,0
2123,2
2124,4
2125,0
2126,5
2127,8
2128,7
2129,4
2130,0
2131,1
2132,5
2133,5
2134,9
2135,9
2136,2
2137,9
2138,2
2139,3
2140,5
2141,7
2142,3
2143,1
2144,3
2145,1
2146,8
2147,1
2148,5
2149,7
2150,8
2151,0
2152,0
2153,4
2154,3
2155,0
2156,6
2157,9
2158,8
2159,8
2160,4
2161,9
2162,9
2163,3
2164,8
2165,1
2166,7
2167,3
2168,9
2169,9
2170,5
2171,0
2172,8
2173,9
2174,6
2175,4
2176,1
2177,4
2178,9
2179,9
2180,1
2181,9
2182,8
2183,5
2184,2
2185,7
2186,1
2187,3
2188,1
2189,3
2190,5
2191,8
2192,8
2193,6
2194,3
2195,6
2196,5
2197,9
2198,1
2199,8
2200,9
2201,4
2202,9
2203,9
2204,0
2205,2
2206,2
2207,9
2208,6
2209,8
2210,1
2211,2
2212,4
2213,2
2214,7
2215,3
2216,5
2217,1
2218,0
2219,6
2220,6
2221,8
2222,1
2223,0
2224,2
2225,6
2226,0
2227,4
2228,3
2229,2
2230,0
2231,5
2232,5
2233,9
2234,0
2235,8
2236,9
2237,7
2238,7
2239,5
2240,4
2241,9
2242,1
2243,2
2244,8
2245,9
2246,4
2247,3
2248,9
2249,3
2250,6
2251,1
2252,1
2253,4
2254,1
2255,8
2256,6
2257,2
2258,7
2259,2
2260,2
2261,6
2262,0
2263,1
2264,9
2265,7
2266,6
2267,4
2268,2
2269,6
2270,3
2271,3
2272,7
2273,2
2274,9
2275,1
2276,5
2277,9
2278,3
2279,7
2280,6
2281,5
2282,3
2283,6
2284,0
2285,9
2286,0
2287,1
2288,1
2289,7
2290,7
2291,6
2292,8
2293,5
2294,1
2295,1
2296,6
2297,6
2298,1
2299,3
2300,8
2301,8
2302,1
2303,7
2304,1
2305,7
2306,9
2307,7
2308,1
2309,3
2310,6
2311,0
2312,5
2313,0
2314,3
2315,6
2316,8
2317,0
2318,1
2319,3
2320,0
2321,7
2322,9
2323,5
2324,9
2325,3
2326,8
2327,3
2328,6
2329,8
2330,7
2331,5
2332,1
2333,0
2334,2
2335,5
2336,1
2337,6
2338,2
2339,7
2340,4
2341,4
2342,3
2343,7
2344,1
2345,3
2346,9
2347,1
2348,6
2349,0
2350,4
2351,4
2352,8
2353,6
2354,5
2355,2
2356,3
2357,1
2358,3
2359,7
2360,8
2361,4
2362,7
2363,2
2364,8
2365,9
2366,2
2367,8
2368,2
2369,4
2370,8
2371,9
2372,1
2373,4
2374,1
2375,0
2376,5
2377,9
2378,9
2379,1
2380,7
2381,1
2382,5
2383,9
2384,1
2385,6
2386,3
2387,7
2388,6
2389,0
2390,9
2391,5
2392,3
2393,6
2394,5
2395,6
2396,5
2397,1
2398,9
2399,2
2400,1
2401,3
2402,2
2403,3
2404,3
2405,3
2406,5
2407,7
2408,2
2409,0
2410,4
2411,3
2412,1
2413,2
2414,9
2415,6
2416,3
2417,7
2418,0
2419,8
2420,1
2421,3
2422,6
2423,4
2424,8
2425,4
2426,3
2427,5
2428,7
2429,1
2430,0
2431,1
2432,1
2433,8
2434,1
2435,5
2436,6
2437,5
2438,2
2439,3
2440,2
2441,5
2442,1
2443,8
2444,3
2445,4
2446,6
2447,4
2448,1
2449,1
2450,8
2451,3
2452,6
2453,8
2454,1
2455,9
2456,9
2457,8
2458,0
2459,5
2460,4
2461,9
2462,4
2463,2
2464,0
2465,3
2466,0
2467,3
2468,9
2469,7
2470,8
2471,7
2472,1
2473,7
2474,8
2475,3
2476,8
2477,3
2478,6
2479,7
2480,7
2481,3
2482,6
2483,7
2484,0
2485,9
2486,1
2487,3
2488,0
2489,2
2490,6
2491,7
2492,1
2493,4
2494,0
2495,7
2496,2
2497,5
2498,5
2499,7
2500,9
